TITLE
two_rings

ANALYSIS_TYPE 2

LARGE_STRAIN_FORMULATION ON

SOLUTION_ALGORITHM 2

SOLVER PARDISO

PARALLEL_SOLVER 1

VTK_OUTPUT ASCII EVERY 1

MAX_CONSECUTIVE_INCREMENT_CUTS 4

ELEMENT_GROUPS 2
1 1 1
2 1 2

ELEMENT_TYPES 1
1 QUAD4_FBAR 
4 GP

MATERIALS 2
1 ELASTIC
0.1
1000 0.16667
2 ELASTIC
0.1
1000 0.167

NUMBER_OF_STEPS 1

STEP_1

INCREMENTS 1500
1500
 0.025 1e-6 15

DYNAMICS ON

MASS_MATRIX CONSISTENT

INTEGRATOR NEWMARK

CONTACT ON

TANGENTIAL_CONTACT FRICTIONLESS

NORMAL_PDASS_PARAMETER
2E3

NGAUSS_DUAL_BASIS 5

NGAUSS_MORTAR_INTEGRALS 5

SEARCH_ALG BRUTE_FORCE

SEGMENT-BASED_INTEGRATION

NODE_COORDINATES 800 CARTESIAN
1 9.7 21.0 0.0
2 10.0 21.0 0.0
3 9.695213635547596 21.304684363057845 0.0
4 9.995065603657316 21.314107590781283 0.0
5 9.680859265754233 21.60906803943434 0.0
6 9.980267284282716 21.627905195293135 0.0
7 9.656951056649875 21.91285063918959 0.0
8 9.9556196460308 21.941083133185142 0.0
9 9.623512602750434 22.21573236557375 0.0
10 9.921147013144779 22.253332335643044 0.0
11 9.580576903772835 22.51741431089024 0.0
12 9.876883405951379 22.564344650402308 0.0
13 9.52818633206828 22.81759875148153 0.0
14 9.822872507286887 22.873813145857245 0.0
15 9.46639259080585 23.115989441546464 0.0
16 9.759167619387474 23.181432413965425 0.0
17 9.395256662947721 23.412291905499092 0.0
18 9.68583161128631 23.48689887164855 0.0
19 9.314848751066346 23.706213728580522 0.0
20 9.60293685676943 23.789911060392292 0.0
21 9.225248208062988 23.99746484543699 0.0
22 9.510565162951535 24.090169943749473 0.0
23 9.126543458855986 24.285757826379328 0.0
24 9.408807689542254 24.387379202452912 0.0
25 9.018831913116037 24.570808161041377 0.0
26 9.297764858882513 24.68124552684678 0.0
27 8.902219869134617 24.852334539157372 0.0
28 9.177546256839811 24.971478906347805 0.0
29 8.776822408920388 25.130059128181205 0.0
30 9.048270524660195 25.257792915650725 0.0
31 8.642763284627168 25.403707847473605 0.0
32 8.910065241883679 25.539904997395467 0.0
33 8.500174796425476 25.67301063878664 0.0
34 8.763066800438637 25.817536741017154 0.0
35 8.349197661938252 25.9377017327786 0.0
36 8.607420270039437 26.090414157503712 0.0
37 8.189980877369546 26.19751991129627 0.0
38 8.443279255020151 26.358267949789965 0.0
39 8.022681570463249 26.452208765165665 0.0
40 8.270805742745619 26.620833778521305 0.0
41 7.847464845436989 26.70151694723699 0.0
42 8.090169943749475 26.877852522924734 0.0
43 7.664503620044195 26.945198420433872 0.0
44 7.901550123756903 27.129070536529767 0.0
45 7.473978454925154 27.18301270056229 0.0
46 7.705132427757891 27.3742398974869 0.0
47 7.276077375415458 27.414725093639422 0.0
48 7.501110696304596 27.61311865323652 0.0
49 7.0709956859876915 27.64010692750828 0.0
50 7.289686274214116 27.845471059286886 0.0
51 6.85893577750951 27.85893577750951 0.0
52 7.071067811865475 28.071067811865476 0.0
53 6.640106927508279 28.07099568598769 0.0
54 6.845471059286886 28.289686274214116 0.0
55 6.414725093639422 28.276077375415458 0.0
56 6.613118653236518 28.501110696304597 0.0
57 6.183012700562289 28.473978454925156 0.0
58 6.374239897486897 28.705132427757892 0.0
59 5.945198420433871 28.664503620044197 0.0
60 6.129070536529765 28.901550123756905 0.0
61 5.701516947236988 28.84746484543699 0.0
62 5.87785252292473 29.090169943749473 0.0
63 5.4522087651656665 29.02268157046325 0.0
64 5.620833778521305 29.27080574274562 0.0
65 5.197519911296266 29.189980877369546 0.0
66 5.3582679497899655 29.44327925502015 0.0
67 4.9377017327786 29.349197661938252 0.0
68 5.090414157503712 29.607420270039437 0.0
69 4.673010638786637 29.500174796425476 0.0
70 4.817536741017151 29.763066800438637 0.0
71 4.403707847473604 29.642763284627165 0.0
72 4.539904997395468 29.91006524188368 0.0
73 4.1300591281812045 29.77682240892039 0.0
74 4.257792915650727 30.048270524660197 0.0
75 3.852334539157371 29.90221986913462 0.0
76 3.9714789063478055 30.17754625683981 0.0
77 3.570808161041375 30.01883191311604 0.0
78 3.6812455268467787 30.297764858882516 0.0
79 3.285757826379325 30.126543458855988 0.0
80 3.3873792024529124 30.408807689542257 0.0
81 2.99746484543699 30.225248208062986 0.0
82 3.0901699437494745 30.510565162951536 0.0
83 2.706213728580524 30.314848751066346 0.0
84 2.789911060392293 30.602936856769432 0.0
85 2.412291905499091 30.395256662947723 0.0
86 2.486898871648547 30.68583161128631 0.0
87 2.115989441546462 30.46639259080585 0.0
88 2.1814324139654246 30.759167619387476 0.0
89 1.8175987514815277 30.52818633206828 0.0
90 1.8738131458572451 30.82287250728689 0.0
91 1.5174143108902376 30.580576903772837 0.0
92 1.564344650402307 30.87688340595138 0.0
93 1.2157323655737513 30.623512602750434 0.0
94 1.2533323356430426 30.92114701314478 0.0
95 0.9128506391895885 30.656951056649874 0.0
96 0.9410831331851428 30.9556196460308 0.0
97 0.609068039434339 30.680859265754233 0.0
98 0.627905195293133 30.980267284282718 0.0
99 0.30468436305784324 30.695213635547596 0.0
100 0.31410759078128175 30.995065603657316 0.0
101 -1.5598789701863374e-15 30.7 0.0
102 -1.6081226496766366e-15 31.0 0.0
103 -0.3046843630578443 30.695213635547596 0.0
104 -0.3141075907812828 30.995065603657316 0.0
105 -0.60906803943434 30.680859265754233 0.0
106 -0.627905195293134 30.980267284282718 0.0
107 -0.9128506391895894 30.656951056649874 0.0
108 -0.9410831331851438 30.9556196460308 0.0
109 -1.2157323655737522 30.623512602750434 0.0
110 -1.2533323356430437 30.921147013144775 0.0
111 -1.517414310890241 30.580576903772837 0.0
112 -1.5643446504023104 30.876883405951375 0.0
113 -1.8175987514815306 30.52818633206828 0.0
114 -1.8738131458572482 30.82287250728689 0.0
115 -2.115989441546463 30.46639259080585 0.0
116 -2.1814324139654255 30.759167619387476 0.0
117 -2.412291905499092 30.395256662947723 0.0
118 -2.4868988716485485 30.68583161128631 0.0
119 -2.7062137285805243 30.314848751066346 0.0
120 -2.7899110603922934 30.602936856769432 0.0
121 -2.997464845436991 30.225248208062986 0.0
122 -3.0901699437494754 30.510565162951536 0.0
123 -3.2857578263793275 30.126543458855984 0.0
124 -3.3873792024529155 30.408807689542254 0.0
125 -3.570808161041376 30.01883191311604 0.0
126 -3.6812455268467796 30.297764858882513 0.0
127 -3.8523345391573725 29.90221986913462 0.0
128 -3.971478906347807 30.17754625683981 0.0
129 -4.130059128181205 29.77682240892039 0.0
130 -4.257792915650727 30.048270524660197 0.0
131 -4.403707847473602 29.64276328462717 0.0
132 -4.539904997395467 29.91006524188368 0.0
133 -4.673010638786639 29.500174796425476 0.0
134 -4.817536741017154 29.763066800438637 0.0
135 -4.937701732778601 29.349197661938252 0.0
136 -5.090414157503713 29.607420270039437 0.0
137 -5.197519911296269 29.189980877369543 0.0
138 -5.358267949789969 29.44327925502015 0.0
139 -5.452208765165667 29.02268157046325 0.0
140 -5.620833778521307 29.270805742745615 0.0
141 -5.701516947236988 28.84746484543699 0.0
142 -5.87785252292473 29.090169943749473 0.0
143 -5.945198420433872 28.664503620044194 0.0
144 -6.129070536529766 28.901550123756902 0.0
145 -6.18301270056229 28.473978454925156 0.0
146 -6.3742398974868975 28.705132427757892 0.0
147 -6.414725093639424 28.276077375415454 0.0
148 -6.613118653236521 28.501110696304593 0.0
149 -6.64010692750828 28.07099568598769 0.0
150 -6.845471059286887 28.289686274214112 0.0
151 -6.85893577750951 27.85893577750951 0.0
152 -7.071067811865475 28.071067811865476 0.0
153 -7.070995685987692 27.640106927508278 0.0
154 -7.289686274214117 27.845471059286886 0.0
155 -7.276077375415458 27.414725093639422 0.0
156 -7.501110696304596 27.61311865323652 0.0
157 -7.473978454925156 27.183012700562287 0.0
158 -7.705132427757894 27.374239897486895 0.0
159 -7.664503620044196 26.94519842043387 0.0
160 -7.901550123756904 27.129070536529763 0.0
161 -7.847464845436988 26.70151694723699 0.0
162 -8.090169943749473 26.877852522924734 0.0
163 -8.02268157046325 26.452208765165665 0.0
164 -8.270805742745619 26.620833778521305 0.0
165 -8.189980877369546 26.19751991129627 0.0
166 -8.443279255020151 26.358267949789965 0.0
167 -8.349197661938254 25.9377017327786 0.0
168 -8.607420270039437 26.09041415750371 0.0
169 -8.500174796425476 25.673010638786636 0.0
170 -8.763066800438637 25.81753674101715 0.0
171 -8.642763284627168 25.4037078474736 0.0
172 -8.91006524188368 25.539904997395464 0.0
173 -8.77682240892039 25.130059128181202 0.0
174 -9.048270524660197 25.257792915650725 0.0
175 -8.902219869134617 24.852334539157372 0.0
176 -9.177546256839811 24.971478906347805 0.0
177 -9.018831913116038 24.570808161041374 0.0
178 -9.297764858882514 24.681245526846777 0.0
179 -9.126543458855986 24.285757826379324 0.0
180 -9.408807689542254 24.387379202452912 0.0
181 -9.22524820806299 23.997464845436987 0.0
182 -9.510565162951536 24.090169943749473 0.0
183 -9.314848751066346 23.706213728580522 0.0
184 -9.60293685676943 23.789911060392292 0.0
185 -9.395256662947721 23.412291905499092 0.0
186 -9.68583161128631 23.48689887164855 0.0
187 -9.46639259080585 23.11598944154646 0.0
188 -9.759167619387474 23.181432413965425 0.0
189 -9.52818633206828 22.81759875148153 0.0
190 -9.822872507286887 22.873813145857245 0.0
191 -9.580576903772835 22.517414310890235 0.0
192 -9.876883405951379 22.564344650402305 0.0
193 -9.623512602750434 22.21573236557375 0.0
194 -9.921147013144779 22.25333233564304 0.0
195 -9.656951056649875 21.91285063918959 0.0
196 -9.9556196460308 21.941083133185142 0.0
197 -9.680859265754233 21.609068039434337 0.0
198 -9.980267284282716 21.62790519529313 0.0
199 -9.695213635547596 21.304684363057845 0.0
200 -9.995065603657316 21.314107590781283 0.0
201 -9.7 20.999999999999996 0.0
202 -10.0 20.999999999999996 0.0
203 -9.695213635547596 20.695315636942155 0.0
204 -9.995065603657316 20.685892409218717 0.0
205 -9.680859265754233 20.39093196056566 0.0
206 -9.980267284282716 20.372094804706865 0.0
207 -9.656951056649875 20.087149360810407 0.0
208 -9.9556196460308 20.058916866814855 0.0
209 -9.623512602750434 19.78426763442625 0.0
210 -9.921147013144779 19.746667664356956 0.0
211 -9.580576903772835 19.482585689109758 0.0
212 -9.876883405951377 19.43565534959769 0.0
213 -9.528186332068278 19.18240124851847 0.0
214 -9.822872507286887 19.12618685414275 0.0
215 -9.46639259080585 18.88401055845354 0.0
216 -9.759167619387474 18.818567586034575 0.0
217 -9.395256662947721 18.587708094500908 0.0
218 -9.68583161128631 18.51310112835145 0.0
219 -9.314848751066346 18.293786271419478 0.0
220 -9.60293685676943 18.210088939607708 0.0
221 -9.225248208062988 18.002535154563006 0.0
222 -9.510565162951535 17.909830056250524 0.0
223 -9.126543458855986 17.714242173620672 0.0
224 -9.408807689542254 17.612620797547084 0.0
225 -9.018831913116037 17.42919183895862 0.0
226 -9.297764858882513 17.318754473153216 0.0
227 -8.902219869134615 17.147665460842628 0.0
228 -9.177546256839811 17.02852109365219 0.0
229 -8.776822408920388 16.869940871818795 0.0
230 -9.048270524660195 16.742207084349275 0.0
231 -8.642763284627167 16.596292152526395 0.0
232 -8.910065241883677 16.46009500260453 0.0
233 -8.500174796425474 16.32698936121336 0.0
234 -8.763066800438635 16.182463258982846 0.0
235 -8.34919766193825 16.062298267221394 0.0
236 -8.607420270039434 15.909585842496284 0.0
237 -8.189980877369544 15.802480088703732 0.0
238 -8.44327925502015 15.641732050210033 0.0
239 -8.022681570463249 15.547791234834333 0.0
240 -8.270805742745619 15.379166221478695 0.0
241 -7.8474648454369875 15.29848305276301 0.0
242 -8.090169943749473 15.122147477075266 0.0
243 -7.664503620044195 15.054801579566128 0.0
244 -7.901550123756903 14.870929463470233 0.0
245 -7.473978454925153 14.816987299437708 0.0
246 -7.70513242775789 14.6257601025131 0.0
247 -7.276077375415455 14.585274906360576 0.0
248 -7.501110696304593 14.386881346763479 0.0
249 -7.0709956859876915 14.359893072491719 0.0
250 -7.289686274214116 14.154528940713114 0.0
251 -6.858935777509509 14.141064222490488 0.0
252 -7.071067811865474 13.928932188134523 0.0
253 -6.640106927508279 13.929004314012309 0.0
254 -6.845471059286886 13.710313725785884 0.0
255 -6.4147250936394205 13.72392262458454 0.0
256 -6.613118653236516 13.498889303695401 0.0
257 -6.183012700562288 13.526021545074844 0.0
258 -6.374239897486895 13.294867572242106 0.0
259 -5.945198420433871 13.335496379955803 0.0
260 -6.129070536529765 13.098449876243096 0.0
261 -5.70151694723699 13.152535154563012 0.0
262 -5.877852522924733 12.909830056250527 0.0
263 -5.452208765165662 12.977318429536748 0.0
264 -5.620833778521302 12.729194257254377 0.0
265 -5.197519911296264 12.810019122630452 0.0
266 -5.358267949789964 12.556720744979847 0.0
267 -4.937701732778599 12.650802338061746 0.0
268 -5.0904141575037105 12.392579729960563 0.0
269 -4.6730106387866375 12.499825203574524 0.0
270 -4.817536741017153 12.236933199561363 0.0
271 -4.403707847473605 12.357236715372833 0.0
272 -4.539904997395469 12.089934758116321 0.0
273 -4.1300591281812 12.223177591079608 0.0
274 -4.257792915650722 11.951729475339802 0.0
275 -3.8523345391573685 12.097780130865383 0.0
276 -3.971478906347803 11.822453743160187 0.0
277 -3.5708081610413744 11.981168086883962 0.0
278 -3.6812455268467783 11.702235141117486 0.0
279 -3.285757826379326 11.873456541144014 0.0
280 -3.3873792024529137 11.591192310457746 0.0
281 -2.997464845436991 11.774751791937012 0.0
282 -3.0901699437494754 11.489434837048465 0.0
283 -2.7062137285805186 11.685151248933652 0.0
284 -2.789911060392287 11.397063143230568 0.0
285 -2.412291905499088 11.604743337052279 0.0
286 -2.4868988716485445 11.314168388713687 0.0
287 -2.1159894415464606 11.53360740919415 0.0
288 -2.1814324139654238 11.240832380612526 0.0
289 -1.8175987514815288 11.47181366793172 0.0
290 -1.8738131458572462 11.177127492713113 0.0
291 -1.517414310890241 11.419423096227165 0.0
292 -1.5643446504023104 11.123116594048623 0.0
293 -1.2157323655737462 11.376487397249566 0.0
294 -1.2533323356430373 11.078852986855221 0.0
295 -0.9128506391895854 11.343048943350125 0.0
296 -0.9410831331851397 11.0443803539692 0.0
297 -0.6090680394343381 11.319140734245767 0.0
298 -0.627905195293132 11.019732715717284 0.0
299 -0.30468436305784447 11.304786364452404 0.0
300 -0.314107590781283 11.004934396342684 0.0
301 -1.7818610927593987e-15 11.3 0.0
302 -1.8369701987210296e-15 11.0 0.0
303 0.3046843630578495 11.304786364452406 0.0
304 0.3141075907812882 11.004934396342685 0.0
305 0.6090680394343431 11.319140734245767 0.0
306 0.6279051952931372 11.019732715717284 0.0
307 0.9128506391895905 11.343048943350125 0.0
308 0.9410831331851449 11.0443803539692 0.0
309 1.2157323655737509 11.376487397249566 0.0
310 1.2533323356430424 11.078852986855221 0.0
311 1.5174143108902374 11.419423096227165 0.0
312 1.5643446504023069 11.123116594048621 0.0
313 1.8175987514815337 11.471813667931722 0.0
314 1.8738131458572513 11.177127492713113 0.0
315 2.115989441546466 11.533607409194152 0.0
316 2.181432413965429 11.240832380612527 0.0
317 2.412291905499093 11.604743337052279 0.0
318 2.4868988716485494 11.31416838871369 0.0
319 2.7062137285805234 11.685151248933654 0.0
320 2.789911060392292 11.39706314323057 0.0
321 2.997464845436988 11.77475179193701 0.0
322 3.0901699437494723 11.489434837048464 0.0
323 3.285757826379331 11.873456541144014 0.0
324 3.3873792024529186 11.591192310457746 0.0
325 3.570808161041379 11.981168086883963 0.0
326 3.6812455268467827 11.702235141117487 0.0
327 3.852334539157373 12.097780130865385 0.0
328 3.9714789063478073 11.822453743160189 0.0
329 4.130059128181204 12.22317759107961 0.0
330 4.257792915650726 11.951729475339803 0.0
331 4.403707847473609 12.357236715372835 0.0
332 4.539904997395475 12.089934758116325 0.0
333 4.673010638786642 12.499825203574526 0.0
334 4.8175367410171575 12.236933199561367 0.0
335 4.937701732778604 12.65080233806175 0.0
336 5.090414157503716 12.392579729960566 0.0
337 5.1975199112962684 12.810019122630456 0.0
338 5.358267949789967 12.55672074497985 0.0
339 5.4522087651656665 12.977318429536751 0.0
340 5.620833778521305 12.729194257254381 0.0
341 5.701516947236994 13.152535154563015 0.0
342 5.877852522924737 12.90983005625053 0.0
343 5.945198420433876 13.335496379955806 0.0
344 6.1290705365297695 13.098449876243098 0.0
345 6.183012700562292 13.526021545074848 0.0
346 6.3742398974869 13.29486757224211 0.0
347 6.414725093639423 13.723922624584542 0.0
348 6.613118653236519 13.498889303695405 0.0
349 6.640106927508279 13.929004314012309 0.0
350 6.845471059286886 13.710313725785884 0.0
351 6.858935777509515 14.141064222490495 0.0
352 7.07106781186548 13.92893218813453 0.0
353 7.070995685987695 14.359893072491724 0.0
354 7.289686274214119 14.154528940713117 0.0
355 7.276077375415459 14.58527490636058 0.0
356 7.501110696304597 14.386881346763484 0.0
357 7.473978454925156 14.816987299437711 0.0
358 7.705132427757894 14.625760102513103 0.0
359 7.664503620044195 15.054801579566128 0.0
360 7.901550123756903 14.870929463470235 0.0
361 7.847464845436993 15.298483052763016 0.0
362 8.090169943749478 15.122147477075274 0.0
363 8.022681570463252 15.547791234834337 0.0
364 8.27080574274562 15.379166221478698 0.0
365 8.189980877369548 15.802480088703735 0.0
366 8.443279255020153 15.641732050210036 0.0
367 8.349197661938254 16.0622982672214 0.0
368 8.607420270039437 15.909585842496288 0.0
369 8.500174796425476 16.32698936121336 0.0
370 8.763066800438637 16.182463258982846 0.0
371 8.64276328462717 16.596292152526402 0.0
372 8.91006524188368 16.46009500260454 0.0
373 8.77682240892039 16.869940871818798 0.0
374 9.048270524660197 16.74220708434928 0.0
375 8.902219869134617 17.14766546084263 0.0
376 9.177546256839813 17.028521093652195 0.0
377 9.018831913116038 17.429191838958626 0.0
378 9.297764858882514 17.31875447315322 0.0
379 9.126543458855986 17.714242173620672 0.0
380 9.408807689542254 17.612620797547088 0.0
381 9.225248208062991 18.002535154563017 0.0
382 9.510565162951538 17.90983005625053 0.0
383 9.314848751066348 18.29378627141948 0.0
384 9.602936856769432 18.21008893960771 0.0
385 9.395256662947721 18.58770809450091 0.0
386 9.685831611286313 18.513101128351455 0.0
387 9.46639259080585 18.88401055845354 0.0
388 9.759167619387474 18.818567586034575 0.0
389 9.52818633206828 19.18240124851847 0.0
390 9.822872507286887 19.12618685414275 0.0
391 9.580576903772837 19.48258568910977 0.0
392 9.876883405951379 19.4356553495977 0.0
393 9.623512602750434 19.784267634426254 0.0
394 9.921147013144779 19.746667664356963 0.0
395 9.656951056649875 20.087149360810415 0.0
396 9.9556196460308 20.058916866814858 0.0
397 9.680859265754233 20.390931960565663 0.0
398 9.980267284282716 20.37209480470687 0.0
399 9.695213635547596 20.695315636942155 0.0
400 9.995065603657316 20.685892409218717 0.0
401 9.7 0.0 0.0
402 10.0 0.0 0.0
403 9.695213635547596 0.3046843630578444 0.0
404 9.995065603657316 0.3141075907812829 0.0
405 9.680859265754233 0.6090680394343397 0.0
406 9.980267284282716 0.6279051952931337 0.0
407 9.656951056649875 0.9128506391895889 0.0
408 9.9556196460308 0.9410831331851433 0.0
409 9.623512602750434 1.2157323655737513 0.0
410 9.921147013144779 1.2533323356430426 0.0
411 9.580576903772835 1.5174143108902394 0.0
412 9.876883405951379 1.5643446504023086 0.0
413 9.52818633206828 1.8175987514815288 0.0
414 9.822872507286887 1.8738131458572462 0.0
415 9.46639259080585 2.115989441546463 0.0
416 9.759167619387474 2.1814324139654255 0.0
417 9.395256662947721 2.4122919054990914 0.0
418 9.68583161128631 2.486898871648548 0.0
419 9.314848751066346 2.706213728580524 0.0
420 9.60293685676943 2.789911060392293 0.0
421 9.225248208062988 2.9974648454369897 0.0
422 9.510565162951535 3.090169943749474 0.0
423 9.126543458855986 3.2857578263793266 0.0
424 9.408807689542254 3.387379202452914 0.0
425 9.018831913116037 3.570808161041376 0.0
426 9.297764858882513 3.6812455268467796 0.0
427 8.902219869134617 3.8523345391573716 0.0
428 9.177546256839811 3.971478906347806 0.0
429 8.776822408920388 4.130059128181205 0.0
430 9.048270524660195 4.257792915650727 0.0
431 8.642763284627168 4.403707847473604 0.0
432 8.910065241883679 4.539904997395468 0.0
433 8.500174796425476 4.673010638786638 0.0
434 8.763066800438637 4.817536741017153 0.0
435 8.349197661938252 4.937701732778601 0.0
436 8.607420270039437 5.090414157503713 0.0
437 8.189980877369546 5.197519911296268 0.0
438 8.443279255020151 5.358267949789966 0.0
439 8.022681570463249 5.4522087651656665 0.0
440 8.270805742745619 5.620833778521305 0.0
441 7.847464845436989 5.701516947236989 0.0
442 8.090169943749475 5.877852522924732 0.0
443 7.664503620044195 5.945198420433871 0.0
444 7.901550123756903 6.129070536529765 0.0
445 7.473978454925154 6.18301270056229 0.0
446 7.705132427757891 6.3742398974868975 0.0
447 7.276077375415458 6.414725093639422 0.0
448 7.501110696304596 6.613118653236518 0.0
449 7.0709956859876915 6.64010692750828 0.0
450 7.289686274214116 6.845471059286887 0.0
451 6.85893577750951 6.858935777509511 0.0
452 7.071067811865475 7.0710678118654755 0.0
453 6.640106927508279 7.0709956859876915 0.0
454 6.845471059286886 7.289686274214116 0.0
455 6.414725093639422 7.276077375415458 0.0
456 6.613118653236518 7.501110696304596 0.0
457 6.183012700562289 7.473978454925155 0.0
458 6.374239897486897 7.705132427757892 0.0
459 5.945198420433871 7.664503620044196 0.0
460 6.129070536529765 7.901550123756904 0.0
461 5.701516947236988 7.847464845436989 0.0
462 5.87785252292473 8.090169943749475 0.0
463 5.4522087651656665 8.022681570463249 0.0
464 5.620833778521305 8.270805742745619 0.0
465 5.197519911296266 8.189980877369546 0.0
466 5.3582679497899655 8.443279255020151 0.0
467 4.9377017327786 8.349197661938252 0.0
468 5.090414157503712 8.607420270039437 0.0
469 4.673010638786637 8.500174796425478 0.0
470 4.817536741017151 8.763066800438637 0.0
471 4.403707847473604 8.642763284627167 0.0
472 4.539904997395468 8.910065241883679 0.0
473 4.1300591281812045 8.77682240892039 0.0
474 4.257792915650727 9.048270524660197 0.0
475 3.852334539157371 8.902219869134617 0.0
476 3.9714789063478055 9.177546256839811 0.0
477 3.570808161041375 9.018831913116038 0.0
478 3.6812455268467787 9.297764858882514 0.0
479 3.285757826379325 9.126543458855988 0.0
480 3.3873792024529124 9.408807689542256 0.0
481 2.99746484543699 9.225248208062988 0.0
482 3.0901699437494745 9.510565162951535 0.0
483 2.706213728580524 9.314848751066346 0.0
484 2.789911060392293 9.60293685676943 0.0
485 2.412291905499091 9.395256662947721 0.0
486 2.486898871648547 9.68583161128631 0.0
487 2.115989441546462 9.46639259080585 0.0
488 2.1814324139654246 9.759167619387474 0.0
489 1.8175987514815277 9.52818633206828 0.0
490 1.8738131458572451 9.822872507286887 0.0
491 1.5174143108902376 9.580576903772835 0.0
492 1.564344650402307 9.876883405951379 0.0
493 1.2157323655737513 9.623512602750434 0.0
494 1.2533323356430426 9.921147013144779 0.0
495 0.9128506391895885 9.656951056649875 0.0
496 0.9410831331851428 9.9556196460308 0.0
497 0.609068039434339 9.680859265754233 0.0
498 0.627905195293133 9.980267284282716 0.0
499 0.30468436305784324 9.695213635547596 0.0
500 0.31410759078128175 9.995065603657316 0.0
501 -1.5598789701863374e-15 9.7 0.0
502 -1.6081226496766366e-15 10.0 0.0
503 -0.3046843630578443 9.695213635547596 0.0
504 -0.3141075907812828 9.995065603657316 0.0
505 -0.60906803943434 9.680859265754233 0.0
506 -0.627905195293134 9.980267284282716 0.0
507 -0.9128506391895894 9.656951056649875 0.0
508 -0.9410831331851438 9.9556196460308 0.0
509 -1.2157323655737522 9.623512602750434 0.0
510 -1.2533323356430437 9.921147013144777 0.0
511 -1.517414310890241 9.580576903772835 0.0
512 -1.5643446504023104 9.876883405951377 0.0
513 -1.8175987514815306 9.528186332068278 0.0
514 -1.8738131458572482 9.822872507286887 0.0
515 -2.115989441546463 9.46639259080585 0.0
516 -2.1814324139654255 9.759167619387474 0.0
517 -2.412291905499092 9.395256662947721 0.0
518 -2.4868988716485485 9.68583161128631 0.0
519 -2.7062137285805243 9.314848751066346 0.0
520 -2.7899110603922934 9.60293685676943 0.0
521 -2.997464845436991 9.225248208062988 0.0
522 -3.0901699437494754 9.510565162951535 0.0
523 -3.2857578263793275 9.126543458855986 0.0
524 -3.3873792024529155 9.408807689542254 0.0
525 -3.570808161041376 9.018831913116037 0.0
526 -3.6812455268467796 9.297764858882513 0.0
527 -3.8523345391573725 8.902219869134617 0.0
528 -3.971478906347807 9.177546256839811 0.0
529 -4.130059128181205 8.776822408920388 0.0
530 -4.257792915650727 9.048270524660195 0.0
531 -4.403707847473602 8.642763284627168 0.0
532 -4.539904997395467 8.910065241883679 0.0
533 -4.673010638786639 8.500174796425474 0.0
534 -4.817536741017154 8.763066800438635 0.0
535 -4.937701732778601 8.349197661938252 0.0
536 -5.090414157503713 8.607420270039437 0.0
537 -5.197519911296269 8.189980877369544 0.0
538 -5.358267949789969 8.44327925502015 0.0
539 -5.452208765165667 8.022681570463249 0.0
540 -5.620833778521307 8.270805742745617 0.0
541 -5.701516947236988 7.847464845436989 0.0
542 -5.87785252292473 8.090169943749475 0.0
543 -5.945198420433872 7.664503620044195 0.0
544 -6.129070536529766 7.901550123756903 0.0
545 -6.18301270056229 7.473978454925155 0.0
546 -6.3742398974868975 7.705132427757892 0.0
547 -6.414725093639424 7.276077375415455 0.0
548 -6.613118653236521 7.501110696304593 0.0
549 -6.64010692750828 7.070995685987691 0.0
550 -6.845471059286887 7.289686274214114 0.0
551 -6.85893577750951 6.858935777509511 0.0
552 -7.071067811865475 7.0710678118654755 0.0
553 -7.070995685987692 6.640106927508278 0.0
554 -7.289686274214117 6.845471059286885 0.0
555 -7.276077375415458 6.414725093639422 0.0
556 -7.501110696304596 6.613118653236518 0.0
557 -7.473978454925156 6.183012700562288 0.0
558 -7.705132427757894 6.374239897486895 0.0
559 -7.664503620044196 5.94519842043387 0.0
560 -7.901550123756904 6.129070536529763 0.0
561 -7.847464845436988 5.70151694723699 0.0
562 -8.090169943749473 5.877852522924733 0.0
563 -8.02268157046325 5.452208765165665 0.0
564 -8.270805742745619 5.6208337785213045 0.0
565 -8.189980877369546 5.197519911296268 0.0
566 -8.443279255020151 5.358267949789966 0.0
567 -8.349197661938254 4.937701732778599 0.0
568 -8.607420270039437 5.0904141575037105 0.0
569 -8.500174796425476 4.6730106387866375 0.0
570 -8.763066800438637 4.817536741017152 0.0
571 -8.642763284627168 4.4037078474736004 0.0
572 -8.91006524188368 4.539904997395465 0.0
573 -8.77682240892039 4.130059128181203 0.0
574 -9.048270524660197 4.257792915650725 0.0
575 -8.902219869134617 3.8523345391573716 0.0
576 -9.177546256839811 3.971478906347806 0.0
577 -9.018831913116038 3.570808161041374 0.0
578 -9.297764858882514 3.6812455268467774 0.0
579 -9.126543458855986 3.2857578263793257 0.0
580 -9.408807689542254 3.3873792024529132 0.0
581 -9.22524820806299 2.997464845436987 0.0
582 -9.510565162951536 3.090169943749471 0.0
583 -9.314848751066346 2.706213728580522 0.0
584 -9.60293685676943 2.789911060392291 0.0
585 -9.395256662947721 2.4122919054990914 0.0
586 -9.68583161128631 2.486898871648548 0.0
587 -9.46639259080585 2.11598944154646 0.0
588 -9.759167619387474 2.1814324139654233 0.0
589 -9.52818633206828 1.8175987514815282 0.0
590 -9.822872507286887 1.8738131458572458 0.0
591 -9.580576903772835 1.517414310890236 0.0
592 -9.876883405951379 1.5643446504023053 0.0
593 -9.623512602750434 1.2157323655737495 0.0
594 -9.921147013144779 1.2533323356430408 0.0
595 -9.656951056649875 0.9128506391895892 0.0
596 -9.9556196460308 0.9410831331851435 0.0
597 -9.680859265754233 0.6090680394343374 0.0
598 -9.980267284282716 0.6279051952931314 0.0
599 -9.695213635547596 0.30468436305784385 0.0
600 -9.995065603657316 0.31410759078128236 0.0
601 -9.7 -3.119757940372675e-15 0.0
602 -10.0 -3.216245299353273e-15 0.0
603 -9.695213635547596 -0.3046843630578458 0.0
604 -9.995065603657316 -0.31410759078128436 0.0
605 -9.680859265754233 -0.6090680394343394 0.0
606 -9.980267284282716 -0.6279051952931335 0.0
607 -9.656951056649875 -0.9128506391895911 0.0
608 -9.9556196460308 -0.9410831331851455 0.0
609 -9.623512602750434 -1.2157323655737515 0.0
610 -9.921147013144779 -1.2533323356430428 0.0
611 -9.580576903772835 -1.5174143108902423 0.0
612 -9.876883405951377 -1.5643446504023117 0.0
613 -9.528186332068278 -1.8175987514815302 0.0
614 -9.822872507286887 -1.8738131458572478 0.0
615 -9.46639259080585 -2.1159894415464624 0.0
616 -9.759167619387474 -2.181432413965425 0.0
617 -9.395256662947721 -2.4122919054990937 0.0
618 -9.68583161128631 -2.4868988716485503 0.0
619 -9.314848751066346 -2.706213728580524 0.0
620 -9.60293685676943 -2.789911060392293 0.0
621 -9.225248208062988 -2.9974648454369928 0.0
622 -9.510565162951535 -3.090169943749477 0.0
623 -9.126543458855986 -3.285757826379327 0.0
624 -9.408807689542254 -3.387379202452915 0.0
625 -9.018831913116037 -3.5708081610413793 0.0
626 -9.297764858882513 -3.681245526846783 0.0
627 -8.902219869134615 -3.8523345391573733 0.0
628 -9.177546256839811 -3.9714789063478078 0.0
629 -8.776822408920388 -4.1300591281812045 0.0
630 -9.048270524660195 -4.257792915650727 0.0
631 -8.642763284627167 -4.403707847473607 0.0
632 -8.910065241883677 -4.539904997395471 0.0
633 -8.500174796425474 -4.673010638786639 0.0
634 -8.763066800438635 -4.817536741017154 0.0
635 -8.34919766193825 -4.937701732778605 0.0
636 -8.607420270039434 -5.090414157503717 0.0
637 -8.189980877369544 -5.1975199112962684 0.0
638 -8.44327925502015 -5.358267949789967 0.0
639 -8.022681570463249 -5.4522087651656665 0.0
640 -8.270805742745619 -5.620833778521305 0.0
641 -7.8474648454369875 -5.701516947236991 0.0
642 -8.090169943749473 -5.877852522924734 0.0
643 -7.664503620044195 -5.945198420433872 0.0
644 -7.901550123756903 -6.129070536529766 0.0
645 -7.473978454925153 -6.183012700562292 0.0
646 -7.70513242775789 -6.3742398974869 0.0
647 -7.276077375415455 -6.414725093639424 0.0
648 -7.501110696304593 -6.613118653236521 0.0
649 -7.0709956859876915 -6.64010692750828 0.0
650 -7.289686274214116 -6.845471059286887 0.0
651 -6.858935777509509 -6.858935777509512 0.0
652 -7.071067811865474 -7.071067811865477 0.0
653 -6.640106927508279 -7.0709956859876915 0.0
654 -6.845471059286886 -7.289686274214116 0.0
655 -6.4147250936394205 -7.2760773754154595 0.0
656 -6.613118653236516 -7.501110696304599 0.0
657 -6.183012700562288 -7.473978454925156 0.0
658 -6.374239897486895 -7.705132427757894 0.0
659 -5.945198420433871 -7.664503620044196 0.0
660 -6.129070536529765 -7.901550123756904 0.0
661 -5.70151694723699 -7.847464845436988 0.0
662 -5.877852522924733 -8.090169943749473 0.0
663 -5.452208765165662 -8.022681570463252 0.0
664 -5.620833778521302 -8.270805742745623 0.0
665 -5.197519911296264 -8.189980877369548 0.0
666 -5.358267949789964 -8.443279255020153 0.0
667 -4.937701732778599 -8.349197661938254 0.0
668 -5.0904141575037105 -8.607420270039437 0.0
669 -4.6730106387866375 -8.500174796425476 0.0
670 -4.817536741017153 -8.763066800438637 0.0
671 -4.403707847473605 -8.642763284627167 0.0
672 -4.539904997395469 -8.910065241883679 0.0
673 -4.1300591281812 -8.776822408920392 0.0
674 -4.257792915650722 -9.048270524660198 0.0
675 -3.8523345391573685 -8.902219869134617 0.0
676 -3.971478906347803 -9.177546256839813 0.0
677 -3.5708081610413744 -9.018831913116038 0.0
678 -3.6812455268467783 -9.297764858882514 0.0
679 -3.285757826379326 -9.126543458855986 0.0
680 -3.3873792024529137 -9.408807689542254 0.0
681 -2.997464845436991 -9.225248208062988 0.0
682 -3.0901699437494754 -9.510565162951535 0.0
683 -2.7062137285805186 -9.314848751066348 0.0
684 -2.789911060392287 -9.602936856769432 0.0
685 -2.412291905499088 -9.395256662947721 0.0
686 -2.4868988716485445 -9.685831611286313 0.0
687 -2.1159894415464606 -9.46639259080585 0.0
688 -2.1814324139654238 -9.759167619387474 0.0
689 -1.8175987514815288 -9.52818633206828 0.0
690 -1.8738131458572462 -9.822872507286887 0.0
691 -1.517414310890241 -9.580576903772835 0.0
692 -1.5643446504023104 -9.876883405951377 0.0
693 -1.2157323655737462 -9.623512602750434 0.0
694 -1.2533323356430373 -9.921147013144779 0.0
695 -0.9128506391895854 -9.656951056649875 0.0
696 -0.9410831331851397 -9.9556196460308 0.0
697 -0.6090680394343381 -9.680859265754233 0.0
698 -0.627905195293132 -9.980267284282716 0.0
699 -0.30468436305784447 -9.695213635547596 0.0
700 -0.314107590781283 -9.995065603657316 0.0
701 -1.7818610927593987e-15 -9.7 0.0
702 -1.8369701987210296e-15 -10.0 0.0
703 0.3046843630578495 -9.695213635547594 0.0
704 0.3141075907812882 -9.995065603657315 0.0
705 0.6090680394343431 -9.680859265754233 0.0
706 0.6279051952931372 -9.980267284282716 0.0
707 0.9128506391895905 -9.656951056649875 0.0
708 0.9410831331851449 -9.9556196460308 0.0
709 1.2157323655737509 -9.623512602750434 0.0
710 1.2533323356430424 -9.921147013144779 0.0
711 1.5174143108902374 -9.580576903772835 0.0
712 1.5643446504023069 -9.876883405951379 0.0
713 1.8175987514815337 -9.528186332068278 0.0
714 1.8738131458572513 -9.822872507286887 0.0
715 2.115989441546466 -9.466392590805848 0.0
716 2.181432413965429 -9.759167619387473 0.0
717 2.412291905499093 -9.395256662947721 0.0
718 2.4868988716485494 -9.68583161128631 0.0
719 2.7062137285805234 -9.314848751066346 0.0
720 2.789911060392292 -9.60293685676943 0.0
721 2.997464845436988 -9.22524820806299 0.0
722 3.0901699437494723 -9.510565162951536 0.0
723 3.285757826379331 -9.126543458855986 0.0
724 3.3873792024529186 -9.408807689542254 0.0
725 3.570808161041379 -9.018831913116037 0.0
726 3.6812455268467827 -9.297764858882513 0.0
727 3.852334539157373 -8.902219869134615 0.0
728 3.9714789063478073 -9.177546256839811 0.0
729 4.130059128181204 -8.77682240892039 0.0
730 4.257792915650726 -9.048270524660197 0.0
731 4.403707847473609 -8.642763284627165 0.0
732 4.539904997395475 -8.910065241883675 0.0
733 4.673010638786642 -8.500174796425474 0.0
734 4.8175367410171575 -8.763066800438633 0.0
735 4.937701732778604 -8.34919766193825 0.0
736 5.090414157503716 -8.607420270039434 0.0
737 5.1975199112962684 -8.189980877369544 0.0
738 5.358267949789967 -8.44327925502015 0.0
739 5.4522087651656665 -8.022681570463249 0.0
740 5.620833778521305 -8.270805742745619 0.0
741 5.701516947236994 -7.847464845436986 0.0
742 5.877852522924737 -8.09016994374947 0.0
743 5.945198420433876 -7.664503620044194 0.0
744 6.1290705365297695 -7.901550123756901 0.0
745 6.183012700562292 -7.473978454925153 0.0
746 6.3742398974869 -7.70513242775789 0.0
747 6.414725093639423 -7.276077375415457 0.0
748 6.613118653236519 -7.501110696304595 0.0
749 6.640106927508279 -7.0709956859876915 0.0
750 6.845471059286886 -7.289686274214116 0.0
751 6.858935777509515 -6.8589357775095054 0.0
752 7.07106781186548 -7.07106781186547 0.0
753 7.070995685987695 -6.640106927508276 0.0
754 7.289686274214119 -6.845471059286883 0.0
755 7.276077375415459 -6.4147250936394205 0.0
756 7.501110696304597 -6.613118653236516 0.0
757 7.473978454925156 -6.183012700562289 0.0
758 7.705132427757894 -6.374239897486897 0.0
759 7.664503620044195 -5.945198420433871 0.0
760 7.901550123756903 -6.129070536529765 0.0
761 7.847464845436993 -5.701516947236984 0.0
762 8.090169943749478 -5.877852522924726 0.0
763 8.022681570463252 -5.452208765165663 0.0
764 8.27080574274562 -5.620833778521303 0.0
765 8.189980877369548 -5.197519911296264 0.0
766 8.443279255020153 -5.358267949789964 0.0
767 8.349197661938254 -4.9377017327786 0.0
768 8.607420270039437 -5.090414157503712 0.0
769 8.500174796425476 -4.673010638786638 0.0
770 8.763066800438637 -4.817536741017153 0.0
771 8.64276328462717 -4.403707847473598 0.0
772 8.91006524188368 -4.539904997395462 0.0
773 8.77682240892039 -4.1300591281812 0.0
774 9.048270524660197 -4.257792915650722 0.0
775 8.902219869134617 -3.852334539157369 0.0
776 9.177546256839813 -3.9714789063478033 0.0
777 9.018831913116038 -3.570808161041375 0.0
778 9.297764858882514 -3.6812455268467787 0.0
779 9.126543458855986 -3.2857578263793266 0.0
780 9.408807689542254 -3.387379202452914 0.0
781 9.225248208062991 -2.9974648454369834 0.0
782 9.510565162951538 -3.090169943749468 0.0
783 9.314848751066348 -2.706213728580519 0.0
784 9.602936856769432 -2.7899110603922876 0.0
785 9.395256662947721 -2.4122919054990883 0.0
786 9.685831611286313 -2.486898871648545 0.0
787 9.46639259080585 -2.1159894415464615 0.0
788 9.759167619387474 -2.181432413965424 0.0
789 9.52818633206828 -1.8175987514815293 0.0
790 9.822872507286887 -1.873813145857247 0.0
791 9.580576903772837 -1.5174143108902332 0.0
792 9.876883405951379 -1.5643446504023024 0.0
793 9.623512602750434 -1.2157323655737466 0.0
794 9.921147013144779 -1.253332335643038 0.0
795 9.656951056649875 -0.9128506391895861 0.0
796 9.9556196460308 -0.9410831331851404 0.0
797 9.680859265754233 -0.6090680394343386 0.0
798 9.980267284282716 -0.6279051952931326 0.0
799 9.695213635547596 -0.3046843630578451 0.0
800 9.995065603657316 -0.3141075907812836 0.0

ELEMENTS 400
1 1 1 2 4 3 
2 1 3 4 6 5 
3 1 5 6 8 7 
4 1 7 8 10 9 
5 1 9 10 12 11 
6 1 11 12 14 13 
7 1 13 14 16 15 
8 1 15 16 18 17 
9 1 17 18 20 19 
10 1 19 20 22 21 
11 1 21 22 24 23 
12 1 23 24 26 25 
13 1 25 26 28 27 
14 1 27 28 30 29 
15 1 29 30 32 31 
16 1 31 32 34 33 
17 1 33 34 36 35 
18 1 35 36 38 37 
19 1 37 38 40 39 
20 1 39 40 42 41 
21 1 41 42 44 43 
22 1 43 44 46 45 
23 1 45 46 48 47 
24 1 47 48 50 49 
25 1 49 50 52 51 
26 1 51 52 54 53 
27 1 53 54 56 55 
28 1 55 56 58 57 
29 1 57 58 60 59 
30 1 59 60 62 61 
31 1 61 62 64 63 
32 1 63 64 66 65 
33 1 65 66 68 67 
34 1 67 68 70 69 
35 1 69 70 72 71 
36 1 71 72 74 73 
37 1 73 74 76 75 
38 1 75 76 78 77 
39 1 77 78 80 79 
40 1 79 80 82 81 
41 1 81 82 84 83 
42 1 83 84 86 85 
43 1 85 86 88 87 
44 1 87 88 90 89 
45 1 89 90 92 91 
46 1 91 92 94 93 
47 1 93 94 96 95 
48 1 95 96 98 97 
49 1 97 98 100 99 
50 1 99 100 102 101 
51 1 101 102 104 103 
52 1 103 104 106 105 
53 1 105 106 108 107 
54 1 107 108 110 109 
55 1 109 110 112 111 
56 1 111 112 114 113 
57 1 113 114 116 115 
58 1 115 116 118 117 
59 1 117 118 120 119 
60 1 119 120 122 121 
61 1 121 122 124 123 
62 1 123 124 126 125 
63 1 125 126 128 127 
64 1 127 128 130 129 
65 1 129 130 132 131 
66 1 131 132 134 133 
67 1 133 134 136 135 
68 1 135 136 138 137 
69 1 137 138 140 139 
70 1 139 140 142 141 
71 1 141 142 144 143 
72 1 143 144 146 145 
73 1 145 146 148 147 
74 1 147 148 150 149 
75 1 149 150 152 151 
76 1 151 152 154 153 
77 1 153 154 156 155 
78 1 155 156 158 157 
79 1 157 158 160 159 
80 1 159 160 162 161 
81 1 161 162 164 163 
82 1 163 164 166 165 
83 1 165 166 168 167 
84 1 167 168 170 169 
85 1 169 170 172 171 
86 1 171 172 174 173 
87 1 173 174 176 175 
88 1 175 176 178 177 
89 1 177 178 180 179 
90 1 179 180 182 181 
91 1 181 182 184 183 
92 1 183 184 186 185 
93 1 185 186 188 187 
94 1 187 188 190 189 
95 1 189 190 192 191 
96 1 191 192 194 193 
97 1 193 194 196 195 
98 1 195 196 198 197 
99 1 197 198 200 199 
100 1 199 200 202 201 
101 1 201 202 204 203 
102 1 203 204 206 205 
103 1 205 206 208 207 
104 1 207 208 210 209 
105 1 209 210 212 211 
106 1 211 212 214 213 
107 1 213 214 216 215 
108 1 215 216 218 217 
109 1 217 218 220 219 
110 1 219 220 222 221 
111 1 221 222 224 223 
112 1 223 224 226 225 
113 1 225 226 228 227 
114 1 227 228 230 229 
115 1 229 230 232 231 
116 1 231 232 234 233 
117 1 233 234 236 235 
118 1 235 236 238 237 
119 1 237 238 240 239 
120 1 239 240 242 241 
121 1 241 242 244 243 
122 1 243 244 246 245 
123 1 245 246 248 247 
124 1 247 248 250 249 
125 1 249 250 252 251 
126 1 251 252 254 253 
127 1 253 254 256 255 
128 1 255 256 258 257 
129 1 257 258 260 259 
130 1 259 260 262 261 
131 1 261 262 264 263 
132 1 263 264 266 265 
133 1 265 266 268 267 
134 1 267 268 270 269 
135 1 269 270 272 271 
136 1 271 272 274 273 
137 1 273 274 276 275 
138 1 275 276 278 277 
139 1 277 278 280 279 
140 1 279 280 282 281 
141 1 281 282 284 283 
142 1 283 284 286 285 
143 1 285 286 288 287 
144 1 287 288 290 289 
145 1 289 290 292 291 
146 1 291 292 294 293 
147 1 293 294 296 295 
148 1 295 296 298 297 
149 1 297 298 300 299 
150 1 299 300 302 301 
151 1 301 302 304 303 
152 1 303 304 306 305 
153 1 305 306 308 307 
154 1 307 308 310 309 
155 1 309 310 312 311 
156 1 311 312 314 313 
157 1 313 314 316 315 
158 1 315 316 318 317 
159 1 317 318 320 319 
160 1 319 320 322 321 
161 1 321 322 324 323 
162 1 323 324 326 325 
163 1 325 326 328 327 
164 1 327 328 330 329 
165 1 329 330 332 331 
166 1 331 332 334 333 
167 1 333 334 336 335 
168 1 335 336 338 337 
169 1 337 338 340 339 
170 1 339 340 342 341 
171 1 341 342 344 343 
172 1 343 344 346 345 
173 1 345 346 348 347 
174 1 347 348 350 349 
175 1 349 350 352 351 
176 1 351 352 354 353 
177 1 353 354 356 355 
178 1 355 356 358 357 
179 1 357 358 360 359 
180 1 359 360 362 361 
181 1 361 362 364 363 
182 1 363 364 366 365 
183 1 365 366 368 367 
184 1 367 368 370 369 
185 1 369 370 372 371 
186 1 371 372 374 373 
187 1 373 374 376 375 
188 1 375 376 378 377 
189 1 377 378 380 379 
190 1 379 380 382 381 
191 1 381 382 384 383 
192 1 383 384 386 385 
193 1 385 386 388 387 
194 1 387 388 390 389 
195 1 389 390 392 391 
196 1 391 392 394 393 
197 1 393 394 396 395 
198 1 395 396 398 397 
199 1 397 398 400 399 
200 1 399 400 2 1 
201 2 401 402 404 403 
202 2 403 404 406 405 
203 2 405 406 408 407 
204 2 407 408 410 409 
205 2 409 410 412 411 
206 2 411 412 414 413 
207 2 413 414 416 415 
208 2 415 416 418 417 
209 2 417 418 420 419 
210 2 419 420 422 421 
211 2 421 422 424 423 
212 2 423 424 426 425 
213 2 425 426 428 427 
214 2 427 428 430 429 
215 2 429 430 432 431 
216 2 431 432 434 433 
217 2 433 434 436 435 
218 2 435 436 438 437 
219 2 437 438 440 439 
220 2 439 440 442 441 
221 2 441 442 444 443 
222 2 443 444 446 445 
223 2 445 446 448 447 
224 2 447 448 450 449 
225 2 449 450 452 451 
226 2 451 452 454 453 
227 2 453 454 456 455 
228 2 455 456 458 457 
229 2 457 458 460 459 
230 2 459 460 462 461 
231 2 461 462 464 463 
232 2 463 464 466 465 
233 2 465 466 468 467 
234 2 467 468 470 469 
235 2 469 470 472 471 
236 2 471 472 474 473 
237 2 473 474 476 475 
238 2 475 476 478 477 
239 2 477 478 480 479 
240 2 479 480 482 481 
241 2 481 482 484 483 
242 2 483 484 486 485 
243 2 485 486 488 487 
244 2 487 488 490 489 
245 2 489 490 492 491 
246 2 491 492 494 493 
247 2 493 494 496 495 
248 2 495 496 498 497 
249 2 497 498 500 499 
250 2 499 500 502 501 
251 2 501 502 504 503 
252 2 503 504 506 505 
253 2 505 506 508 507 
254 2 507 508 510 509 
255 2 509 510 512 511 
256 2 511 512 514 513 
257 2 513 514 516 515 
258 2 515 516 518 517 
259 2 517 518 520 519 
260 2 519 520 522 521 
261 2 521 522 524 523 
262 2 523 524 526 525 
263 2 525 526 528 527 
264 2 527 528 530 529 
265 2 529 530 532 531 
266 2 531 532 534 533 
267 2 533 534 536 535 
268 2 535 536 538 537 
269 2 537 538 540 539 
270 2 539 540 542 541 
271 2 541 542 544 543 
272 2 543 544 546 545 
273 2 545 546 548 547 
274 2 547 548 550 549 
275 2 549 550 552 551 
276 2 551 552 554 553 
277 2 553 554 556 555 
278 2 555 556 558 557 
279 2 557 558 560 559 
280 2 559 560 562 561 
281 2 561 562 564 563 
282 2 563 564 566 565 
283 2 565 566 568 567 
284 2 567 568 570 569 
285 2 569 570 572 571 
286 2 571 572 574 573 
287 2 573 574 576 575 
288 2 575 576 578 577 
289 2 577 578 580 579 
290 2 579 580 582 581 
291 2 581 582 584 583 
292 2 583 584 586 585 
293 2 585 586 588 587 
294 2 587 588 590 589 
295 2 589 590 592 591 
296 2 591 592 594 593 
297 2 593 594 596 595 
298 2 595 596 598 597 
299 2 597 598 600 599 
300 2 599 600 602 601 
301 2 601 602 604 603 
302 2 603 604 606 605 
303 2 605 606 608 607 
304 2 607 608 610 609 
305 2 609 610 612 611 
306 2 611 612 614 613 
307 2 613 614 616 615 
308 2 615 616 618 617 
309 2 617 618 620 619 
310 2 619 620 622 621 
311 2 621 622 624 623 
312 2 623 624 626 625 
313 2 625 626 628 627 
314 2 627 628 630 629 
315 2 629 630 632 631 
316 2 631 632 634 633 
317 2 633 634 636 635 
318 2 635 636 638 637 
319 2 637 638 640 639 
320 2 639 640 642 641 
321 2 641 642 644 643 
322 2 643 644 646 645 
323 2 645 646 648 647 
324 2 647 648 650 649 
325 2 649 650 652 651 
326 2 651 652 654 653 
327 2 653 654 656 655 
328 2 655 656 658 657 
329 2 657 658 660 659 
330 2 659 660 662 661 
331 2 661 662 664 663 
332 2 663 664 666 665 
333 2 665 666 668 667 
334 2 667 668 670 669 
335 2 669 670 672 671 
336 2 671 672 674 673 
337 2 673 674 676 675 
338 2 675 676 678 677 
339 2 677 678 680 679 
340 2 679 680 682 681 
341 2 681 682 684 683 
342 2 683 684 686 685 
343 2 685 686 688 687 
344 2 687 688 690 689 
345 2 689 690 692 691 
346 2 691 692 694 693 
347 2 693 694 696 695 
348 2 695 696 698 697 
349 2 697 698 700 699 
350 2 699 700 702 701 
351 2 701 702 704 703 
352 2 703 704 706 705 
353 2 705 706 708 707 
354 2 707 708 710 709 
355 2 709 710 712 711 
356 2 711 712 714 713 
357 2 713 714 716 715 
358 2 715 716 718 717 
359 2 717 718 720 719 
360 2 719 720 722 721 
361 2 721 722 724 723 
362 2 723 724 726 725 
363 2 725 726 728 727 
364 2 727 728 730 729 
365 2 729 730 732 731 
366 2 731 732 734 733 
367 2 733 734 736 735 
368 2 735 736 738 737 
369 2 737 738 740 739 
370 2 739 740 742 741 
371 2 741 742 744 743 
372 2 743 744 746 745 
373 2 745 746 748 747 
374 2 747 748 750 749 
375 2 749 750 752 751 
376 2 751 752 754 753 
377 2 753 754 756 755 
378 2 755 756 758 757 
379 2 757 758 760 759 
380 2 759 760 762 761 
381 2 761 762 764 763 
382 2 763 764 766 765 
383 2 765 766 768 767 
384 2 767 768 770 769 
385 2 769 770 772 771 
386 2 771 772 774 773 
387 2 773 774 776 775 
388 2 775 776 778 777 
389 2 777 778 780 779 
390 2 779 780 782 781 
391 2 781 782 784 783 
392 2 783 784 786 785 
393 2 785 786 788 787 
394 2 787 788 790 789 
395 2 789 790 792 791 
396 2 791 792 794 793 
397 2 793 794 796 795 
398 2 795 796 798 797 
399 2 797 798 800 799 
400 2 799 800 402 401 

NUMBER_OF_CANDIDATE_INTERFACES 1
LINE2

MORTAR_CANDIDATES 200
 402
 404
 406
 408
 410
 412
 414
 416
 418
 420
 422
 424
 426
 428
 430
 432
 434
 436
 438
 440
 442
 444
 446
 448
 450
 452
 454
 456
 458
 460
 462
 464
 466
 468
 470
 472
 474
 476
 478
 480
 482
 484
 486
 488
 490
 492
 494
 496
 498
 500
 502
 504
 506
 508
 510
 512
 514
 516
 518
 520
 522
 524
 526
 528
 530
 532
 534
 536
 538
 540
 542
 544
 546
 548
 550
 552
 554
 556
 558
 560
 562
 564
 566
 568
 570
 572
 574
 576
 578
 580
 582
 584
 586
 588
 590
 592
 594
 596
 598
 600
 602
 604
 606
 608
 610
 612
 614
 616
 618
 620
 622
 624
 626
 628
 630
 632
 634
 636
 638
 640
 642
 644
 646
 648
 650
 652
 654
 656
 658
 660
 662
 664
 666
 668
 670
 672
 674
 676
 678
 680
 682
 684
 686
 688
 690
 692
 694
 696
 698
 700
 702
 704
 706
 708
 710
 712
 714
 716
 718
 720
 722
 724
 726
 728
 730
 732
 734
 736
 738
 740
 742
 744
 746
 748
 750
 752
 754
 756
 758
 760
 762
 764
 766
 768
 770
 772
 774
 776
 778
 780
 782
 784
 786
 788
 790
 792
 794
 796
 798
 800

NON-MORTAR_CANDIDATES 200
 2
 4
 6
 8
 10
 12
 14
 16
 18
 20
 22
 24
 26
 28
 30
 32
 34
 36
 38
 40
 42
 44
 46
 48
 50
 52
 54
 56
 58
 60
 62
 64
 66
 68
 70
 72
 74
 76
 78
 80
 82
 84
 86
 88
 90
 92
 94
 96
 98
 100
 102
 104
 106
 108
 110
 112
 114
 116
 118
 120
 122
 124
 126
 128
 130
 132
 134
 136
 138
 140
 142
 144
 146
 148
 150
 152
 154
 156
 158
 160
 162
 164
 166
 168
 170
 172
 174
 176
 178
 180
 182
 184
 186
 188
 190
 192
 194
 196
 198
 200
 202
 204
 206
 208
 210
 212
 214
 216
 218
 220
 222
 224
 226
 228
 230
 232
 234
 236
 238
 240
 242
 244
 246
 248
 250
 252
 254
 256
 258
 260
 262
 264
 266
 268
 270
 272
 274
 276
 278
 280
 282
 284
 286
 288
 290
 292
 294
 296
 298
 300
 302
 304
 306
 308
 310
 312
 314
 316
 318
 320
 322
 324
 326
 328
 330
 332
 334
 336
 338
 340
 342
 344
 346
 348
 350
 352
 354
 356
 358
 360
 362
 364
 366
 368
 370
 372
 374
 376
 378
 380
 382
 384
 386
 388
 390
 392
 394
 396
 398
 400

INITIAL_VELOCITY NODE
1 0.0 -2
2 0.0 -2
3 0.0 -2
4 0.0 -2
5 0.0 -2
6 0.0 -2
7 0.0 -2
8 0.0 -2
9 0.0 -2
10 0.0 -2
11 0.0 -2
12 0.0 -2
13 0.0 -2
14 0.0 -2
15 0.0 -2
16 0.0 -2
17 0.0 -2
18 0.0 -2
19 0.0 -2
20 0.0 -2
21 0.0 -2
22 0.0 -2
23 0.0 -2
24 0.0 -2
25 0.0 -2
26 0.0 -2
27 0.0 -2
28 0.0 -2
29 0.0 -2
30 0.0 -2
31 0.0 -2
32 0.0 -2
33 0.0 -2
34 0.0 -2
35 0.0 -2
36 0.0 -2
37 0.0 -2
38 0.0 -2
39 0.0 -2
40 0.0 -2
41 0.0 -2
42 0.0 -2
43 0.0 -2
44 0.0 -2
45 0.0 -2
46 0.0 -2
47 0.0 -2
48 0.0 -2
49 0.0 -2
50 0.0 -2
51 0.0 -2
52 0.0 -2
53 0.0 -2
54 0.0 -2
55 0.0 -2
56 0.0 -2
57 0.0 -2
58 0.0 -2
59 0.0 -2
60 0.0 -2
61 0.0 -2
62 0.0 -2
63 0.0 -2
64 0.0 -2
65 0.0 -2
66 0.0 -2
67 0.0 -2
68 0.0 -2
69 0.0 -2
70 0.0 -2
71 0.0 -2
72 0.0 -2
73 0.0 -2
74 0.0 -2
75 0.0 -2
76 0.0 -2
77 0.0 -2
78 0.0 -2
79 0.0 -2
80 0.0 -2
81 0.0 -2
82 0.0 -2
83 0.0 -2
84 0.0 -2
85 0.0 -2
86 0.0 -2
87 0.0 -2
88 0.0 -2
89 0.0 -2
90 0.0 -2
91 0.0 -2
92 0.0 -2
93 0.0 -2
94 0.0 -2
95 0.0 -2
96 0.0 -2
97 0.0 -2
98 0.0 -2
99 0.0 -2
100 0.0 -2
101 0.0 -2
102 0.0 -2
103 0.0 -2
104 0.0 -2
105 0.0 -2
106 0.0 -2
107 0.0 -2
108 0.0 -2
109 0.0 -2
110 0.0 -2
111 0.0 -2
112 0.0 -2
113 0.0 -2
114 0.0 -2
115 0.0 -2
116 0.0 -2
117 0.0 -2
118 0.0 -2
119 0.0 -2
120 0.0 -2
121 0.0 -2
122 0.0 -2
123 0.0 -2
124 0.0 -2
125 0.0 -2
126 0.0 -2
127 0.0 -2
128 0.0 -2
129 0.0 -2
130 0.0 -2
131 0.0 -2
132 0.0 -2
133 0.0 -2
134 0.0 -2
135 0.0 -2
136 0.0 -2
137 0.0 -2
138 0.0 -2
139 0.0 -2
140 0.0 -2
141 0.0 -2
142 0.0 -2
143 0.0 -2
144 0.0 -2
145 0.0 -2
146 0.0 -2
147 0.0 -2
148 0.0 -2
149 0.0 -2
150 0.0 -2
151 0.0 -2
152 0.0 -2
153 0.0 -2
154 0.0 -2
155 0.0 -2
156 0.0 -2
157 0.0 -2
158 0.0 -2
159 0.0 -2
160 0.0 -2
161 0.0 -2
162 0.0 -2
163 0.0 -2
164 0.0 -2
165 0.0 -2
166 0.0 -2
167 0.0 -2
168 0.0 -2
169 0.0 -2
170 0.0 -2
171 0.0 -2
172 0.0 -2
173 0.0 -2
174 0.0 -2
175 0.0 -2
176 0.0 -2
177 0.0 -2
178 0.0 -2
179 0.0 -2
180 0.0 -2
181 0.0 -2
182 0.0 -2
183 0.0 -2
184 0.0 -2
185 0.0 -2
186 0.0 -2
187 0.0 -2
188 0.0 -2
189 0.0 -2
190 0.0 -2
191 0.0 -2
192 0.0 -2
193 0.0 -2
194 0.0 -2
195 0.0 -2
196 0.0 -2
197 0.0 -2
198 0.0 -2
199 0.0 -2
200 0.0 -2
201 0.0 -2
202 0.0 -2
203 0.0 -2
204 0.0 -2
205 0.0 -2
206 0.0 -2
207 0.0 -2
208 0.0 -2
209 0.0 -2
210 0.0 -2
211 0.0 -2
212 0.0 -2
213 0.0 -2
214 0.0 -2
215 0.0 -2
216 0.0 -2
217 0.0 -2
218 0.0 -2
219 0.0 -2
220 0.0 -2
221 0.0 -2
222 0.0 -2
223 0.0 -2
224 0.0 -2
225 0.0 -2
226 0.0 -2
227 0.0 -2
228 0.0 -2
229 0.0 -2
230 0.0 -2
231 0.0 -2
232 0.0 -2
233 0.0 -2
234 0.0 -2
235 0.0 -2
236 0.0 -2
237 0.0 -2
238 0.0 -2
239 0.0 -2
240 0.0 -2
241 0.0 -2
242 0.0 -2
243 0.0 -2
244 0.0 -2
245 0.0 -2
246 0.0 -2
247 0.0 -2
248 0.0 -2
249 0.0 -2
250 0.0 -2
251 0.0 -2
252 0.0 -2
253 0.0 -2
254 0.0 -2
255 0.0 -2
256 0.0 -2
257 0.0 -2
258 0.0 -2
259 0.0 -2
260 0.0 -2
261 0.0 -2
262 0.0 -2
263 0.0 -2
264 0.0 -2
265 0.0 -2
266 0.0 -2
267 0.0 -2
268 0.0 -2
269 0.0 -2
270 0.0 -2
271 0.0 -2
272 0.0 -2
273 0.0 -2
274 0.0 -2
275 0.0 -2
276 0.0 -2
277 0.0 -2
278 0.0 -2
279 0.0 -2
280 0.0 -2
281 0.0 -2
282 0.0 -2
283 0.0 -2
284 0.0 -2
285 0.0 -2
286 0.0 -2
287 0.0 -2
288 0.0 -2
289 0.0 -2
290 0.0 -2
291 0.0 -2
292 0.0 -2
293 0.0 -2
294 0.0 -2
295 0.0 -2
296 0.0 -2
297 0.0 -2
298 0.0 -2
299 0.0 -2
300 0.0 -2
301 0.0 -2
302 0.0 -2
303 0.0 -2
304 0.0 -2
305 0.0 -2
306 0.0 -2
307 0.0 -2
308 0.0 -2
309 0.0 -2
310 0.0 -2
311 0.0 -2
312 0.0 -2
313 0.0 -2
314 0.0 -2
315 0.0 -2
316 0.0 -2
317 0.0 -2
318 0.0 -2
319 0.0 -2
320 0.0 -2
321 0.0 -2
322 0.0 -2
323 0.0 -2
324 0.0 -2
325 0.0 -2
326 0.0 -2
327 0.0 -2
328 0.0 -2
329 0.0 -2
330 0.0 -2
331 0.0 -2
332 0.0 -2
333 0.0 -2
334 0.0 -2
335 0.0 -2
336 0.0 -2
337 0.0 -2
338 0.0 -2
339 0.0 -2
340 0.0 -2
341 0.0 -2
342 0.0 -2
343 0.0 -2
344 0.0 -2
345 0.0 -2
346 0.0 -2
347 0.0 -2
348 0.0 -2
349 0.0 -2
350 0.0 -2
351 0.0 -2
352 0.0 -2
353 0.0 -2
354 0.0 -2
355 0.0 -2
356 0.0 -2
357 0.0 -2
358 0.0 -2
359 0.0 -2
360 0.0 -2
361 0.0 -2
362 0.0 -2
363 0.0 -2
364 0.0 -2
365 0.0 -2
366 0.0 -2
367 0.0 -2
368 0.0 -2
369 0.0 -2
370 0.0 -2
371 0.0 -2
372 0.0 -2
373 0.0 -2
374 0.0 -2
375 0.0 -2
376 0.0 -2
377 0.0 -2
378 0.0 -2
379 0.0 -2
380 0.0 -2
381 0.0 -2
382 0.0 -2
383 0.0 -2
384 0.0 -2
385 0.0 -2
386 0.0 -2
387 0.0 -2
388 0.0 -2
389 0.0 -2
390 0.0 -2
391 0.0 -2
392 0.0 -2
393 0.0 -2
394 0.0 -2
395 0.0 -2
396 0.0 -2
397 0.0 -2
398 0.0 -2
399 0.0 -2
400 0.0 -2
401 0.0 0
402 0.0 0
403 0.0 0
404 0.0 0
405 0.0 0
406 0.0 0
407 0.0 0
408 0.0 0
409 0.0 0
410 0.0 0
411 0.0 0
412 0.0 0
413 0.0 0
414 0.0 0
415 0.0 0
416 0.0 0
417 0.0 0
418 0.0 0
419 0.0 0
420 0.0 0
421 0.0 0
422 0.0 0
423 0.0 0
424 0.0 0
425 0.0 0
426 0.0 0
427 0.0 0
428 0.0 0
429 0.0 0
430 0.0 0
431 0.0 0
432 0.0 0
433 0.0 0
434 0.0 0
435 0.0 0
436 0.0 0
437 0.0 0
438 0.0 0
439 0.0 0
440 0.0 0
441 0.0 0
442 0.0 0
443 0.0 0
444 0.0 0
445 0.0 0
446 0.0 0
447 0.0 0
448 0.0 0
449 0.0 0
450 0.0 0
451 0.0 0
452 0.0 0
453 0.0 0
454 0.0 0
455 0.0 0
456 0.0 0
457 0.0 0
458 0.0 0
459 0.0 0
460 0.0 0
461 0.0 0
462 0.0 0
463 0.0 0
464 0.0 0
465 0.0 0
466 0.0 0
467 0.0 0
468 0.0 0
469 0.0 0
470 0.0 0
471 0.0 0
472 0.0 0
473 0.0 0
474 0.0 0
475 0.0 0
476 0.0 0
477 0.0 0
478 0.0 0
479 0.0 0
480 0.0 0
481 0.0 0
482 0.0 0
483 0.0 0
484 0.0 0
485 0.0 0
486 0.0 0
487 0.0 0
488 0.0 0
489 0.0 0
490 0.0 0
491 0.0 0
492 0.0 0
493 0.0 0
494 0.0 0
495 0.0 0
496 0.0 0
497 0.0 0
498 0.0 0
499 0.0 0
500 0.0 0
501 0.0 0
502 0.0 0
503 0.0 0
504 0.0 0
505 0.0 0
506 0.0 0
507 0.0 0
508 0.0 0
509 0.0 0
510 0.0 0
511 0.0 0
512 0.0 0
513 0.0 0
514 0.0 0
515 0.0 0
516 0.0 0
517 0.0 0
518 0.0 0
519 0.0 0
520 0.0 0
521 0.0 0
522 0.0 0
523 0.0 0
524 0.0 0
525 0.0 0
526 0.0 0
527 0.0 0
528 0.0 0
529 0.0 0
530 0.0 0
531 0.0 0
532 0.0 0
533 0.0 0
534 0.0 0
535 0.0 0
536 0.0 0
537 0.0 0
538 0.0 0
539 0.0 0
540 0.0 0
541 0.0 0
542 0.0 0
543 0.0 0
544 0.0 0
545 0.0 0
546 0.0 0
547 0.0 0
548 0.0 0
549 0.0 0
550 0.0 0
551 0.0 0
552 0.0 0
553 0.0 0
554 0.0 0
555 0.0 0
556 0.0 0
557 0.0 0
558 0.0 0
559 0.0 0
560 0.0 0
561 0.0 0
562 0.0 0
563 0.0 0
564 0.0 0
565 0.0 0
566 0.0 0
567 0.0 0
568 0.0 0
569 0.0 0
570 0.0 0
571 0.0 0
572 0.0 0
573 0.0 0
574 0.0 0
575 0.0 0
576 0.0 0
577 0.0 0
578 0.0 0
579 0.0 0
580 0.0 0
581 0.0 0
582 0.0 0
583 0.0 0
584 0.0 0
585 0.0 0
586 0.0 0
587 0.0 0
588 0.0 0
589 0.0 0
590 0.0 0
591 0.0 0
592 0.0 0
593 0.0 0
594 0.0 0
595 0.0 0
596 0.0 0
597 0.0 0
598 0.0 0
599 0.0 0
600 0.0 0
601 0.0 0
602 0.0 0
603 0.0 0
604 0.0 0
605 0.0 0
606 0.0 0
607 0.0 0
608 0.0 0
609 0.0 0
610 0.0 0
611 0.0 0
612 0.0 0
613 0.0 0
614 0.0 0
615 0.0 0
616 0.0 0
617 0.0 0
618 0.0 0
619 0.0 0
620 0.0 0
621 0.0 0
622 0.0 0
623 0.0 0
624 0.0 0
625 0.0 0
626 0.0 0
627 0.0 0
628 0.0 0
629 0.0 0
630 0.0 0
631 0.0 0
632 0.0 0
633 0.0 0
634 0.0 0
635 0.0 0
636 0.0 0
637 0.0 0
638 0.0 0
639 0.0 0
640 0.0 0
641 0.0 0
642 0.0 0
643 0.0 0
644 0.0 0
645 0.0 0
646 0.0 0
647 0.0 0
648 0.0 0
649 0.0 0
650 0.0 0
651 0.0 0
652 0.0 0
653 0.0 0
654 0.0 0
655 0.0 0
656 0.0 0
657 0.0 0
658 0.0 0
659 0.0 0
660 0.0 0
661 0.0 0
662 0.0 0
663 0.0 0
664 0.0 0
665 0.0 0
666 0.0 0
667 0.0 0
668 0.0 0
669 0.0 0
670 0.0 0
671 0.0 0
672 0.0 0
673 0.0 0
674 0.0 0
675 0.0 0
676 0.0 0
677 0.0 0
678 0.0 0
679 0.0 0
680 0.0 0
681 0.0 0
682 0.0 0
683 0.0 0
684 0.0 0
685 0.0 0
686 0.0 0
687 0.0 0
688 0.0 0
689 0.0 0
690 0.0 0
691 0.0 0
692 0.0 0
693 0.0 0
694 0.0 0
695 0.0 0
696 0.0 0
697 0.0 0
698 0.0 0
699 0.0 0
700 0.0 0
701 0.0 0
702 0.0 0
703 0.0 0
704 0.0 0
705 0.0 0
706 0.0 0
707 0.0 0
708 0.0 0
709 0.0 0
710 0.0 0
711 0.0 0
712 0.0 0
713 0.0 0
714 0.0 0
715 0.0 0
716 0.0 0
717 0.0 0
718 0.0 0
719 0.0 0
720 0.0 0
721 0.0 0
722 0.0 0
723 0.0 0
724 0.0 0
725 0.0 0
726 0.0 0
727 0.0 0
728 0.0 0
729 0.0 0
730 0.0 0
731 0.0 0
732 0.0 0
733 0.0 0
734 0.0 0
735 0.0 0
736 0.0 0
737 0.0 0
738 0.0 0
739 0.0 0
740 0.0 0
741 0.0 0
742 0.0 0
743 0.0 0
744 0.0 0
745 0.0 0
746 0.0 0
747 0.0 0
748 0.0 0
749 0.0 0
750 0.0 0
751 0.0 0
752 0.0 0
753 0.0 0
754 0.0 0
755 0.0 0
756 0.0 0
757 0.0 0
758 0.0 0
759 0.0 0
760 0.0 0
761 0.0 0
762 0.0 0
763 0.0 0
764 0.0 0
765 0.0 0
766 0.0 0
767 0.0 0
768 0.0 0
769 0.0 0
770 0.0 0
771 0.0 0
772 0.0 0
773 0.0 0
774 0.0 0
775 0.0 0
776 0.0 0
777 0.0 0
778 0.0 0
779 0.0 0
780 0.0 0
781 0.0 0
782 0.0 0
783 0.0 0
784 0.0 0
785 0.0 0
786 0.0 0
787 0.0 0
788 0.0 0
789 0.0 0
790 0.0 0
791 0.0 0
792 0.0 0
793 0.0 0
794 0.0 0
795 0.0 0
796 0.0 0
797 0.0 0
798 0.0 0
799 0.0 0
800 0.0 0

INITIAL_DISPLACEMENT NODE
1 0.0 0.0
2 0.0 0.0
3 0.0 0.0
4 0.0 0.0
5 0.0 0.0
6 0.0 0.0
7 0.0 0.0
8 0.0 0.0
9 0.0 0.0
10 0.0 0.0
11 0.0 0.0
12 0.0 0.0
13 0.0 0.0
14 0.0 0.0
15 0.0 0.0
16 0.0 0.0
17 0.0 0.0
18 0.0 0.0
19 0.0 0.0
20 0.0 0.0
21 0.0 0.0
22 0.0 0.0
23 0.0 0.0
24 0.0 0.0
25 0.0 0.0
26 0.0 0.0
27 0.0 0.0
28 0.0 0.0
29 0.0 0.0
30 0.0 0.0
31 0.0 0.0
32 0.0 0.0
33 0.0 0.0
34 0.0 0.0
35 0.0 0.0
36 0.0 0.0
37 0.0 0.0
38 0.0 0.0
39 0.0 0.0
40 0.0 0.0
41 0.0 0.0
42 0.0 0.0
43 0.0 0.0
44 0.0 0.0
45 0.0 0.0
46 0.0 0.0
47 0.0 0.0
48 0.0 0.0
49 0.0 0.0
50 0.0 0.0
51 0.0 0.0
52 0.0 0.0
53 0.0 0.0
54 0.0 0.0
55 0.0 0.0
56 0.0 0.0
57 0.0 0.0
58 0.0 0.0
59 0.0 0.0
60 0.0 0.0
61 0.0 0.0
62 0.0 0.0
63 0.0 0.0
64 0.0 0.0
65 0.0 0.0
66 0.0 0.0
67 0.0 0.0
68 0.0 0.0
69 0.0 0.0
70 0.0 0.0
71 0.0 0.0
72 0.0 0.0
73 0.0 0.0
74 0.0 0.0
75 0.0 0.0
76 0.0 0.0
77 0.0 0.0
78 0.0 0.0
79 0.0 0.0
80 0.0 0.0
81 0.0 0.0
82 0.0 0.0
83 0.0 0.0
84 0.0 0.0
85 0.0 0.0
86 0.0 0.0
87 0.0 0.0
88 0.0 0.0
89 0.0 0.0
90 0.0 0.0
91 0.0 0.0
92 0.0 0.0
93 0.0 0.0
94 0.0 0.0
95 0.0 0.0
96 0.0 0.0
97 0.0 0.0
98 0.0 0.0
99 0.0 0.0
100 0.0 0.0
101 0.0 0.0
102 0.0 0.0
103 0.0 0.0
104 0.0 0.0
105 0.0 0.0
106 0.0 0.0
107 0.0 0.0
108 0.0 0.0
109 0.0 0.0
110 0.0 0.0
111 0.0 0.0
112 0.0 0.0
113 0.0 0.0
114 0.0 0.0
115 0.0 0.0
116 0.0 0.0
117 0.0 0.0
118 0.0 0.0
119 0.0 0.0
120 0.0 0.0
121 0.0 0.0
122 0.0 0.0
123 0.0 0.0
124 0.0 0.0
125 0.0 0.0
126 0.0 0.0
127 0.0 0.0
128 0.0 0.0
129 0.0 0.0
130 0.0 0.0
131 0.0 0.0
132 0.0 0.0
133 0.0 0.0
134 0.0 0.0
135 0.0 0.0
136 0.0 0.0
137 0.0 0.0
138 0.0 0.0
139 0.0 0.0
140 0.0 0.0
141 0.0 0.0
142 0.0 0.0
143 0.0 0.0
144 0.0 0.0
145 0.0 0.0
146 0.0 0.0
147 0.0 0.0
148 0.0 0.0
149 0.0 0.0
150 0.0 0.0
151 0.0 0.0
152 0.0 0.0
153 0.0 0.0
154 0.0 0.0
155 0.0 0.0
156 0.0 0.0
157 0.0 0.0
158 0.0 0.0
159 0.0 0.0
160 0.0 0.0
161 0.0 0.0
162 0.0 0.0
163 0.0 0.0
164 0.0 0.0
165 0.0 0.0
166 0.0 0.0
167 0.0 0.0
168 0.0 0.0
169 0.0 0.0
170 0.0 0.0
171 0.0 0.0
172 0.0 0.0
173 0.0 0.0
174 0.0 0.0
175 0.0 0.0
176 0.0 0.0
177 0.0 0.0
178 0.0 0.0
179 0.0 0.0
180 0.0 0.0
181 0.0 0.0
182 0.0 0.0
183 0.0 0.0
184 0.0 0.0
185 0.0 0.0
186 0.0 0.0
187 0.0 0.0
188 0.0 0.0
189 0.0 0.0
190 0.0 0.0
191 0.0 0.0
192 0.0 0.0
193 0.0 0.0
194 0.0 0.0
195 0.0 0.0
196 0.0 0.0
197 0.0 0.0
198 0.0 0.0
199 0.0 0.0
200 0.0 0.0
201 0.0 0.0
202 0.0 0.0
203 0.0 0.0
204 0.0 0.0
205 0.0 0.0
206 0.0 0.0
207 0.0 0.0
208 0.0 0.0
209 0.0 0.0
210 0.0 0.0
211 0.0 0.0
212 0.0 0.0
213 0.0 0.0
214 0.0 0.0
215 0.0 0.0
216 0.0 0.0
217 0.0 0.0
218 0.0 0.0
219 0.0 0.0
220 0.0 0.0
221 0.0 0.0
222 0.0 0.0
223 0.0 0.0
224 0.0 0.0
225 0.0 0.0
226 0.0 0.0
227 0.0 0.0
228 0.0 0.0
229 0.0 0.0
230 0.0 0.0
231 0.0 0.0
232 0.0 0.0
233 0.0 0.0
234 0.0 0.0
235 0.0 0.0
236 0.0 0.0
237 0.0 0.0
238 0.0 0.0
239 0.0 0.0
240 0.0 0.0
241 0.0 0.0
242 0.0 0.0
243 0.0 0.0
244 0.0 0.0
245 0.0 0.0
246 0.0 0.0
247 0.0 0.0
248 0.0 0.0
249 0.0 0.0
250 0.0 0.0
251 0.0 0.0
252 0.0 0.0
253 0.0 0.0
254 0.0 0.0
255 0.0 0.0
256 0.0 0.0
257 0.0 0.0
258 0.0 0.0
259 0.0 0.0
260 0.0 0.0
261 0.0 0.0
262 0.0 0.0
263 0.0 0.0
264 0.0 0.0
265 0.0 0.0
266 0.0 0.0
267 0.0 0.0
268 0.0 0.0
269 0.0 0.0
270 0.0 0.0
271 0.0 0.0
272 0.0 0.0
273 0.0 0.0
274 0.0 0.0
275 0.0 0.0
276 0.0 0.0
277 0.0 0.0
278 0.0 0.0
279 0.0 0.0
280 0.0 0.0
281 0.0 0.0
282 0.0 0.0
283 0.0 0.0
284 0.0 0.0
285 0.0 0.0
286 0.0 0.0
287 0.0 0.0
288 0.0 0.0
289 0.0 0.0
290 0.0 0.0
291 0.0 0.0
292 0.0 0.0
293 0.0 0.0
294 0.0 0.0
295 0.0 0.0
296 0.0 0.0
297 0.0 0.0
298 0.0 0.0
299 0.0 0.0
300 0.0 0.0
301 0.0 0.0
302 0.0 0.0
303 0.0 0.0
304 0.0 0.0
305 0.0 0.0
306 0.0 0.0
307 0.0 0.0
308 0.0 0.0
309 0.0 0.0
310 0.0 0.0
311 0.0 0.0
312 0.0 0.0
313 0.0 0.0
314 0.0 0.0
315 0.0 0.0
316 0.0 0.0
317 0.0 0.0
318 0.0 0.0
319 0.0 0.0
320 0.0 0.0
321 0.0 0.0
322 0.0 0.0
323 0.0 0.0
324 0.0 0.0
325 0.0 0.0
326 0.0 0.0
327 0.0 0.0
328 0.0 0.0
329 0.0 0.0
330 0.0 0.0
331 0.0 0.0
332 0.0 0.0
333 0.0 0.0
334 0.0 0.0
335 0.0 0.0
336 0.0 0.0
337 0.0 0.0
338 0.0 0.0
339 0.0 0.0
340 0.0 0.0
341 0.0 0.0
342 0.0 0.0
343 0.0 0.0
344 0.0 0.0
345 0.0 0.0
346 0.0 0.0
347 0.0 0.0
348 0.0 0.0
349 0.0 0.0
350 0.0 0.0
351 0.0 0.0
352 0.0 0.0
353 0.0 0.0
354 0.0 0.0
355 0.0 0.0
356 0.0 0.0
357 0.0 0.0
358 0.0 0.0
359 0.0 0.0
360 0.0 0.0
361 0.0 0.0
362 0.0 0.0
363 0.0 0.0
364 0.0 0.0
365 0.0 0.0
366 0.0 0.0
367 0.0 0.0
368 0.0 0.0
369 0.0 0.0
370 0.0 0.0
371 0.0 0.0
372 0.0 0.0
373 0.0 0.0
374 0.0 0.0
375 0.0 0.0
376 0.0 0.0
377 0.0 0.0
378 0.0 0.0
379 0.0 0.0
380 0.0 0.0
381 0.0 0.0
382 0.0 0.0
383 0.0 0.0
384 0.0 0.0
385 0.0 0.0
386 0.0 0.0
387 0.0 0.0
388 0.0 0.0
389 0.0 0.0
390 0.0 0.0
391 0.0 0.0
392 0.0 0.0
393 0.0 0.0
394 0.0 0.0
395 0.0 0.0
396 0.0 0.0
397 0.0 0.0
398 0.0 0.0
399 0.0 0.0
400 0.0 0.0
401 5.0 0.0
402 5.0 0.0
403 5.0 0.0
404 5.0 0.0
405 5.0 0.0
406 5.0 0.0
407 5.0 0.0
408 5.0 0.0
409 5.0 0.0
410 5.0 0.0
411 5.0 0.0
412 5.0 0.0
413 5.0 0.0
414 5.0 0.0
415 5.0 0.0
416 5.0 0.0
417 5.0 0.0
418 5.0 0.0
419 5.0 0.0
420 5.0 0.0
421 5.0 0.0
422 5.0 0.0
423 5.0 0.0
424 5.0 0.0
425 5.0 0.0
426 5.0 0.0
427 5.0 0.0
428 5.0 0.0
429 5.0 0.0
430 5.0 0.0
431 5.0 0.0
432 5.0 0.0
433 5.0 0.0
434 5.0 0.0
435 5.0 0.0
436 5.0 0.0
437 5.0 0.0
438 5.0 0.0
439 5.0 0.0
440 5.0 0.0
441 5.0 0.0
442 5.0 0.0
443 5.0 0.0
444 5.0 0.0
445 5.0 0.0
446 5.0 0.0
447 5.0 0.0
448 5.0 0.0
449 5.0 0.0
450 5.0 0.0
451 5.0 0.0
452 5.0 0.0
453 5.0 0.0
454 5.0 0.0
455 5.0 0.0
456 5.0 0.0
457 5.0 0.0
458 5.0 0.0
459 5.0 0.0
460 5.0 0.0
461 5.0 0.0
462 5.0 0.0
463 5.0 0.0
464 5.0 0.0
465 5.0 0.0
466 5.0 0.0
467 5.0 0.0
468 5.0 0.0
469 5.0 0.0
470 5.0 0.0
471 5.0 0.0
472 5.0 0.0
473 5.0 0.0
474 5.0 0.0
475 5.0 0.0
476 5.0 0.0
477 5.0 0.0
478 5.0 0.0
479 5.0 0.0
480 5.0 0.0
481 5.0 0.0
482 5.0 0.0
483 5.0 0.0
484 5.0 0.0
485 5.0 0.0
486 5.0 0.0
487 5.0 0.0
488 5.0 0.0
489 5.0 0.0
490 5.0 0.0
491 5.0 0.0
492 5.0 0.0
493 5.0 0.0
494 5.0 0.0
495 5.0 0.0
496 5.0 0.0
497 5.0 0.0
498 5.0 0.0
499 5.0 0.0
500 5.0 0.0
501 5.0 0.0
502 5.0 0.0
503 5.0 0.0
504 5.0 0.0
505 5.0 0.0
506 5.0 0.0
507 5.0 0.0
508 5.0 0.0
509 5.0 0.0
510 5.0 0.0
511 5.0 0.0
512 5.0 0.0
513 5.0 0.0
514 5.0 0.0
515 5.0 0.0
516 5.0 0.0
517 5.0 0.0
518 5.0 0.0
519 5.0 0.0
520 5.0 0.0
521 5.0 0.0
522 5.0 0.0
523 5.0 0.0
524 5.0 0.0
525 5.0 0.0
526 5.0 0.0
527 5.0 0.0
528 5.0 0.0
529 5.0 0.0
530 5.0 0.0
531 5.0 0.0
532 5.0 0.0
533 5.0 0.0
534 5.0 0.0
535 5.0 0.0
536 5.0 0.0
537 5.0 0.0
538 5.0 0.0
539 5.0 0.0
540 5.0 0.0
541 5.0 0.0
542 5.0 0.0
543 5.0 0.0
544 5.0 0.0
545 5.0 0.0
546 5.0 0.0
547 5.0 0.0
548 5.0 0.0
549 5.0 0.0
550 5.0 0.0
551 5.0 0.0
552 5.0 0.0
553 5.0 0.0
554 5.0 0.0
555 5.0 0.0
556 5.0 0.0
557 5.0 0.0
558 5.0 0.0
559 5.0 0.0
560 5.0 0.0
561 5.0 0.0
562 5.0 0.0
563 5.0 0.0
564 5.0 0.0
565 5.0 0.0
566 5.0 0.0
567 5.0 0.0
568 5.0 0.0
569 5.0 0.0
570 5.0 0.0
571 5.0 0.0
572 5.0 0.0
573 5.0 0.0
574 5.0 0.0
575 5.0 0.0
576 5.0 0.0
577 5.0 0.0
578 5.0 0.0
579 5.0 0.0
580 5.0 0.0
581 5.0 0.0
582 5.0 0.0
583 5.0 0.0
584 5.0 0.0
585 5.0 0.0
586 5.0 0.0
587 5.0 0.0
588 5.0 0.0
589 5.0 0.0
590 5.0 0.0
591 5.0 0.0
592 5.0 0.0
593 5.0 0.0
594 5.0 0.0
595 5.0 0.0
596 5.0 0.0
597 5.0 0.0
598 5.0 0.0
599 5.0 0.0
600 5.0 0.0
601 5.0 0.0
602 5.0 0.0
603 5.0 0.0
604 5.0 0.0
605 5.0 0.0
606 5.0 0.0
607 5.0 0.0
608 5.0 0.0
609 5.0 0.0
610 5.0 0.0
611 5.0 0.0
612 5.0 0.0
613 5.0 0.0
614 5.0 0.0
615 5.0 0.0
616 5.0 0.0
617 5.0 0.0
618 5.0 0.0
619 5.0 0.0
620 5.0 0.0
621 5.0 0.0
622 5.0 0.0
623 5.0 0.0
624 5.0 0.0
625 5.0 0.0
626 5.0 0.0
627 5.0 0.0
628 5.0 0.0
629 5.0 0.0
630 5.0 0.0
631 5.0 0.0
632 5.0 0.0
633 5.0 0.0
634 5.0 0.0
635 5.0 0.0
636 5.0 0.0
637 5.0 0.0
638 5.0 0.0
639 5.0 0.0
640 5.0 0.0
641 5.0 0.0
642 5.0 0.0
643 5.0 0.0
644 5.0 0.0
645 5.0 0.0
646 5.0 0.0
647 5.0 0.0
648 5.0 0.0
649 5.0 0.0
650 5.0 0.0
651 5.0 0.0
652 5.0 0.0
653 5.0 0.0
654 5.0 0.0
655 5.0 0.0
656 5.0 0.0
657 5.0 0.0
658 5.0 0.0
659 5.0 0.0
660 5.0 0.0
661 5.0 0.0
662 5.0 0.0
663 5.0 0.0
664 5.0 0.0
665 5.0 0.0
666 5.0 0.0
667 5.0 0.0
668 5.0 0.0
669 5.0 0.0
670 5.0 0.0
671 5.0 0.0
672 5.0 0.0
673 5.0 0.0
674 5.0 0.0
675 5.0 0.0
676 5.0 0.0
677 5.0 0.0
678 5.0 0.0
679 5.0 0.0
680 5.0 0.0
681 5.0 0.0
682 5.0 0.0
683 5.0 0.0
684 5.0 0.0
685 5.0 0.0
686 5.0 0.0
687 5.0 0.0
688 5.0 0.0
689 5.0 0.0
690 5.0 0.0
691 5.0 0.0
692 5.0 0.0
693 5.0 0.0
694 5.0 0.0
695 5.0 0.0
696 5.0 0.0
697 5.0 0.0
698 5.0 0.0
699 5.0 0.0
700 5.0 0.0
701 5.0 0.0
702 5.0 0.0
703 5.0 0.0
704 5.0 0.0
705 5.0 0.0
706 5.0 0.0
707 5.0 0.0
708 5.0 0.0
709 5.0 0.0
710 5.0 0.0
711 5.0 0.0
712 5.0 0.0
713 5.0 0.0
714 5.0 0.0
715 5.0 0.0
716 5.0 0.0
717 5.0 0.0
718 5.0 0.0
719 5.0 0.0
720 5.0 0.0
721 5.0 0.0
722 5.0 0.0
723 5.0 0.0
724 5.0 0.0
725 5.0 0.0
726 5.0 0.0
727 5.0 0.0
728 5.0 0.0
729 5.0 0.0
730 5.0 0.0
731 5.0 0.0
732 5.0 0.0
733 5.0 0.0
734 5.0 0.0
735 5.0 0.0
736 5.0 0.0
737 5.0 0.0
738 5.0 0.0
739 5.0 0.0
740 5.0 0.0
741 5.0 0.0
742 5.0 0.0
743 5.0 0.0
744 5.0 0.0
745 5.0 0.0
746 5.0 0.0
747 5.0 0.0
748 5.0 0.0
749 5.0 0.0
750 5.0 0.0
751 5.0 0.0
752 5.0 0.0
753 5.0 0.0
754 5.0 0.0
755 5.0 0.0
756 5.0 0.0
757 5.0 0.0
758 5.0 0.0
759 5.0 0.0
760 5.0 0.0
761 5.0 0.0
762 5.0 0.0
763 5.0 0.0
764 5.0 0.0
765 5.0 0.0
766 5.0 0.0
767 5.0 0.0
768 5.0 0.0
769 5.0 0.0
770 5.0 0.0
771 5.0 0.0
772 5.0 0.0
773 5.0 0.0
774 5.0 0.0
775 5.0 0.0
776 5.0 0.0
777 5.0 0.0
778 5.0 0.0
779 5.0 0.0
780 5.0 0.0
781 5.0 0.0
782 5.0 0.0
783 5.0 0.0
784 5.0 0.0
785 5.0 0.0
786 5.0 0.0
787 5.0 0.0
788 5.0 0.0
789 5.0 0.0
790 5.0 0.0
791 5.0 0.0
792 5.0 0.0
793 5.0 0.0
794 5.0 0.0
795 5.0 0.0
796 5.0 0.0
797 5.0 0.0
798 5.0 0.0
799 5.0 0.0
800 5.0 0.0